      0/99    0.891G   0.06223    0.0155   0.03202    0.1097         2       640  0.004454   0.06667  0.003379 0.0009618   0.07186   0.01029   0.02835
      1/99     6.61G   0.05583   0.01249   0.03144   0.09977         4       640   0.05154    0.1148   0.05876   0.02821   0.05582  0.008271    0.0258
      2/99      7.8G   0.05398   0.01151   0.03023   0.09572         1       640    0.5056    0.2144    0.2189    0.1074   0.05543  0.006713    0.0242
      3/99      7.8G   0.04894   0.01103   0.02747   0.08743         1       640    0.4498    0.3037    0.2186   0.09532   0.06494  0.005922   0.02348
      4/99      7.8G   0.04805   0.01027   0.02756   0.08588         1       640   0.04621    0.3852   0.05896   0.02604   0.05813  0.005816   0.02493
      5/99      7.8G   0.05207  0.009819   0.02739   0.08928         1       640      0.15    0.2593   0.09347   0.04968   0.06013  0.006127   0.02358
      6/99      7.8G   0.05003  0.009602   0.02662   0.08626         1       640  0.002577       0.2  0.001132 0.0004143   0.08098  0.005605   0.02467
      7/99      7.8G     0.055  0.009291   0.02769   0.09198         3       640         0         0         0         0   0.07146    0.1242   0.05491
      8/99      7.8G   0.05724   0.00941   0.03013   0.09677         1       640  0.001585   0.06296 0.0003585 5.979e-05    0.0777    0.1261    0.1733
      9/99      7.8G   0.05841  0.009354   0.02978   0.09755         4       640    0.9439   0.02222   0.01669   0.01013   0.08023   0.00571   0.02686
     10/99      7.8G   0.05666   0.00964    0.0286    0.0949         7       640    0.2287   0.04444  0.006871  0.002357   0.07974  0.004404   0.07561
     11/99      7.8G   0.05867   0.00963   0.02926   0.09756         4       640  0.001841   0.07037  0.001703 0.0004399   0.07864  0.004623   0.04332
     12/99      7.8G   0.05202   0.00875   0.02516   0.08593         0       640    0.2704    0.2075   0.06829    0.0328   0.07257  0.005465   0.02234
     13/99      7.8G    0.0577  0.008721   0.02717   0.09359         1       640    0.2675    0.1481    0.0426    0.0199    0.0753  0.005189   0.02344
     14/99      7.8G   0.05729  0.008527   0.02691   0.09273         4       640    0.0486       0.1   0.06097   0.01539   0.07669  0.005332   0.02542
     15/99      7.8G   0.05212  0.008213   0.02631   0.08664         4       640   0.03059    0.2852   0.05115   0.01893   0.07919  0.004881    0.0249
     16/99      7.8G   0.05409  0.008361   0.02728   0.08973         1       640  0.003652    0.3444  0.002439 0.0006685   0.07464    0.1144   0.02559
     17/99      7.8G    0.0502  0.008668   0.02567   0.08454         1       640    0.1121   0.02222 0.0002213 2.213e-05   0.08013    0.2891   0.04206
     18/99      7.8G   0.05562  0.009074   0.02689   0.09158         4       640  0.009762   0.05556   0.01133  0.002829   0.07945   0.03091   0.03198
     19/99      7.8G   0.05397  0.009103   0.02504   0.08811         2       640     0.566   0.02222  0.004284 0.0005861   0.07816  0.004769    0.0252
     20/99      7.8G   0.04839  0.009382   0.02446   0.08223         4       640    0.6942   0.04444   0.02208   0.00554   0.07094   0.00534    0.0242
     21/99      7.8G   0.05344  0.009628   0.02686   0.08993         1       640    0.2515   0.05857   0.01899  0.004897   0.07493  0.005579   0.02776
     22/99      7.8G    0.0525  0.009294   0.02597   0.08776         1       640  0.002527   0.08148  0.001584 0.0005027   0.08281   0.05835    0.4053
     23/99      7.8G   0.04699  0.009606   0.02318   0.07978         0       640    0.4444   0.04415   0.05331   0.01119   0.06173  0.005923   0.02294
     24/99      7.8G   0.05423   0.01005   0.02533   0.08962         3       640    0.9626   0.04444   0.05419   0.01711   0.06374  0.006007   0.02116
     25/99      7.8G   0.04628   0.01016   0.02367    0.0801         3       640    0.6105   0.02222   0.02542   0.01268   0.06603  0.006469   0.02325
     26/99      7.8G   0.04327   0.01013   0.02294   0.07633         2       640    0.5586   0.06667   0.05177   0.02431   0.06588  0.005959   0.02028
     27/99      7.8G   0.04955   0.01047   0.02546   0.08548         5       640    0.7002   0.06667   0.08017   0.03508   0.05979  0.005526   0.02142
     28/99      7.8G    0.0494   0.01019   0.02417   0.08376         4       640    0.6917    0.1111    0.1143   0.05225   0.06026  0.005831   0.02053
     29/99      7.8G   0.04424   0.01017    0.0219    0.0763         4       640   0.04191    0.5778    0.1032   0.03421   0.06446  0.005599    0.0195
     30/99      7.8G   0.04556   0.01016   0.02189   0.07762         3       640     0.968    0.1099    0.1621   0.06313   0.06006  0.005754   0.01873
     31/99      7.8G   0.04222   0.01043   0.02058   0.07322         3       640    0.4464    0.1846    0.1139   0.04221   0.05984  0.006323   0.01876
     32/99      7.8G   0.04309  0.009933   0.02171   0.07474         2       640    0.5247    0.1407   0.08689   0.03348    0.0652  0.005769   0.01897
     33/99      7.8G   0.04391  0.009926   0.02187    0.0757         3       640    0.6105    0.2246    0.1678   0.07102   0.06248  0.005708   0.01851
     34/99      7.8G   0.04278  0.009998   0.02211   0.07489         6       640    0.2044    0.2296    0.1514    0.0691   0.06244  0.005859   0.01868
     35/99      7.8G   0.04904   0.01047   0.02481   0.08432         4       640    0.2034    0.2834    0.1686   0.08061   0.06555  0.005543   0.01905
     36/99      7.8G   0.04437   0.01016   0.02159   0.07612         0       640    0.8767    0.1222    0.1564   0.05184   0.06405  0.005938   0.01872
     37/99      7.8G   0.04643   0.01066   0.02201    0.0791         2       640   0.09495    0.5593    0.2249    0.1032   0.06395  0.005756   0.01787
     38/99      7.8G   0.03944  0.009953   0.02082   0.07021         2       640    0.1497    0.4933    0.2952     0.119    0.0632  0.005472   0.01733
     39/99      7.8G   0.04276   0.01062   0.02116   0.07454         8       640    0.3194    0.1768    0.1782   0.07561   0.06022  0.005902   0.01752
     40/99      7.8G   0.04394   0.01002    0.0214   0.07536         2       640   0.07286    0.4778    0.1748   0.07683   0.06032   0.00581   0.01792
     41/99      7.8G    0.0377   0.01037   0.02022    0.0683         1       640    0.1277    0.3608    0.2361    0.1068   0.05842  0.006144   0.01818
     42/99      7.8G   0.04233   0.01002    0.0207   0.07306         1       640    0.2111    0.3815    0.2598    0.1038   0.05935  0.005408     0.018
     43/99      7.8G   0.03911   0.01017   0.01893   0.06821         1       640    0.1398       0.4    0.2432    0.1217   0.05785  0.005768   0.01805
     44/99      7.8G    0.0384   0.01031    0.0193   0.06801         4       640    0.2455    0.4185    0.3653    0.1747   0.05863  0.005696   0.01749
     45/99      7.8G   0.04171   0.01042    0.0212   0.07332         4       640    0.6361     0.308    0.3937    0.1821   0.05651  0.005655   0.01707
     46/99      7.8G   0.03771  0.009981   0.01916   0.06685         1       640    0.3802    0.3148    0.3871    0.1639   0.05934  0.005264   0.01685
     47/99      7.8G   0.03405      0.01   0.01792   0.06197         1       640    0.5663    0.3148    0.3818    0.1837   0.05693  0.005498   0.01669
     48/99      7.8G   0.03782   0.01062   0.01797    0.0664         4       640    0.8943    0.2519    0.3781    0.1686   0.05663   0.00546   0.01672
     49/99      7.8G   0.03885  0.009867   0.01892   0.06764         3       640    0.4256    0.5037     0.458    0.1904   0.05813  0.005306   0.01639
     50/99      7.8G   0.04059   0.01013   0.01812   0.06884         3       640    0.6393    0.4256    0.4967    0.2041   0.05776  0.005548   0.01622
     51/99      7.8G   0.04089   0.01043   0.01837   0.06969         4       640    0.5824    0.3037    0.3981    0.1822   0.05765  0.005479   0.01665
     52/99      7.8G   0.03918  0.009795     0.019   0.06798         1       640    0.6458    0.3333    0.3857    0.1686   0.05893  0.005194   0.01683
     53/99      7.8G   0.03856  0.009835    0.0176   0.06599         3       640    0.3437    0.3556    0.3244    0.1288   0.05926  0.005312   0.01695
     54/99      7.8G   0.03959   0.01042   0.01783   0.06784         4       640     0.379    0.3344    0.3484    0.1483   0.05761  0.005468   0.01624
     55/99      7.8G   0.03802    0.0101   0.01758    0.0657         0       640    0.4127     0.432    0.4622    0.2228   0.05669  0.005307   0.01558
     56/99      7.8G   0.03927   0.01017   0.01763   0.06707         5       640    0.5415    0.4821    0.4943    0.2709   0.05706  0.005208   0.01584
     57/99      7.8G    0.0381   0.01027   0.01839   0.06675         5       640    0.6664    0.3839    0.4851    0.2129   0.05827  0.005206   0.01625
     58/99      7.8G   0.03695  0.009881    0.0158   0.06263         1       640     0.571    0.4118    0.4634    0.2171   0.05927  0.005082   0.01575
     59/99      7.8G   0.04064  0.009808   0.01709   0.06754         2       640    0.2864    0.5797    0.5169    0.2662   0.05789  0.005155   0.01601
     60/99      7.8G   0.03944  0.009934   0.01701   0.06639         3       640    0.2891    0.6218    0.4858     0.267   0.05632   0.00512   0.01527
     61/99      7.8G   0.03729  0.009767   0.01733   0.06439         4       640    0.4461    0.5099      0.57    0.2979   0.05579  0.005456   0.01492
     62/99      7.8G     0.036    0.0104   0.01653   0.06294         6       640    0.3521    0.5762    0.5474    0.2848   0.05452  0.005284   0.01503
     63/99      7.8G   0.03739   0.01037   0.01652   0.06427         4       640    0.3996    0.5918    0.5576    0.2835   0.05605  0.005349   0.01509
     64/99      7.8G   0.03859   0.01005   0.01651   0.06515         2       640    0.3445    0.7338    0.6096    0.3026    0.0563  0.005102   0.01444
     65/99      7.8G   0.03858  0.009937   0.01712   0.06564         7       640     0.354    0.5642    0.5046    0.2494   0.05638  0.005117   0.01452
     66/99      7.8G   0.03426  0.009539   0.01586   0.05965         2       640    0.4143    0.6727    0.5832    0.3079   0.05614  0.005024   0.01445
     67/99      7.8G   0.03561   0.01009   0.01627   0.06197         4       640      0.47    0.5334    0.5607    0.3077    0.0581  0.005057   0.01457
     68/99      7.8G   0.03727  0.009772    0.0163   0.06334         2       640    0.4474    0.6373    0.5616    0.3022    0.0573  0.005228   0.01416
     69/99      7.8G   0.03415  0.009857   0.01478   0.05879         0       640     0.295    0.6239    0.5324     0.302   0.05818   0.00508    0.0146
     70/99      7.8G   0.03639  0.009881   0.01453    0.0608         1       640    0.5251    0.5222     0.574    0.2921    0.0567   0.00503   0.01439
     71/99      7.8G   0.04035  0.009862   0.01799    0.0682         4       640    0.5252    0.5779    0.5775    0.2837   0.05494  0.005225   0.01439
     72/99      7.8G   0.03404  0.009973   0.01471   0.05873         3       640    0.7038    0.4963    0.6203    0.3353   0.05432  0.005155   0.01412
     73/99      7.8G   0.03425  0.009704   0.01493   0.05888         7       640    0.6076    0.4413     0.591    0.2922   0.05723  0.005026   0.01377
     74/99      7.8G   0.03388   0.00921   0.01473   0.05782         1       640    0.4522    0.6339    0.5882    0.3213   0.05527  0.005047   0.01396
     75/99      7.8G   0.03361   0.01014   0.01425     0.058         0       640    0.5252    0.5075    0.6007    0.3485   0.05231  0.005067   0.01447
     76/99      7.8G   0.03614  0.009879   0.01567   0.06169         2       640    0.6905    0.4813    0.6115    0.3524   0.05283  0.005098   0.01462
     77/99      7.8G   0.03487  0.009607   0.01482    0.0593         4       640    0.5442    0.5841    0.6482     0.359   0.05215  0.005046   0.01381
     78/99      7.8G    0.0351  0.009257   0.01531   0.05967         1       640    0.6302    0.5895    0.6891    0.3753   0.05129  0.005108   0.01349
     79/99      7.8G   0.03284  0.009804   0.01324   0.05588         6       640    0.5371      0.63     0.641    0.3513   0.05409  0.005094   0.01333
     80/99      7.8G   0.03509  0.009491    0.0146   0.05918         1       640    0.8339     0.495    0.6678    0.3626   0.05309   0.00519   0.01348
     81/99      7.8G   0.03474  0.009233   0.01409   0.05806         1       640    0.6575    0.5883    0.7019    0.3597   0.05343  0.004987   0.01354
     82/99      7.8G   0.03123  0.009259   0.01358   0.05406         4       640    0.6832    0.4574    0.5971    0.3053   0.05917  0.004535   0.01371
     83/99      7.8G   0.03364  0.009262   0.01399   0.05689         1       640    0.5573    0.6511    0.6879     0.371   0.05946  0.004539   0.01327
     84/99      7.8G   0.03408  0.009284   0.01407   0.05743         1       640    0.6148    0.7194    0.7272    0.3854    0.0597  0.004677   0.01314
     85/99      7.8G   0.03457  0.009812   0.01451   0.05889         6       640    0.5417       0.7    0.6748    0.3534   0.06187  0.004764   0.01344
     86/99      7.8G   0.03329  0.009787   0.01362    0.0567         4       640    0.5626    0.5558    0.6354    0.3346   0.06213    0.0046   0.01302
     87/99      7.8G   0.03229  0.008946   0.01362   0.05485         2       640    0.4925    0.6609    0.6618    0.3431     0.061  0.004608   0.01305
     88/99      7.8G   0.03629  0.009701   0.01401      0.06         4       640    0.4953    0.7256    0.6751    0.3574   0.06169   0.00437   0.01292
     89/99      7.8G   0.03309  0.009611   0.01421   0.05691         2       640     0.548     0.618    0.6519    0.3671   0.06174  0.004415   0.01296
     90/99      7.8G   0.03273  0.009249   0.01326   0.05524         2       640    0.5258    0.6616    0.6513    0.3168   0.06222  0.004442   0.01307
     91/99      7.8G   0.03106  0.009947    0.0124   0.05341         2       640    0.5873    0.6229    0.6902    0.3335   0.06075  0.004567   0.01331
     92/99      7.8G    0.0324  0.008978   0.01297   0.05435         1       640    0.6368    0.6268    0.7061    0.3438   0.05814  0.004667    0.0132
     93/99      7.8G   0.03263   0.00944   0.01207   0.05415         8       640    0.6553    0.6175      0.73    0.3833   0.05716  0.004632   0.01289
     94/99      7.8G   0.03368  0.009909   0.01357   0.05716         1       640    0.5759    0.7717    0.7515    0.3826   0.05807  0.004647   0.01286
     95/99      7.8G   0.03567  0.009085   0.01341   0.05816         2       640    0.5214    0.7194    0.6987    0.3566    0.0585  0.004617     0.013
     96/99      7.8G   0.03462  0.009089   0.01412   0.05783         4       640    0.5595    0.7159    0.7114    0.3669   0.06041  0.004497   0.01314
     97/99      7.8G   0.03221  0.009345   0.01395   0.05551         0       640    0.7226    0.6132    0.7381    0.4035   0.06082  0.004408   0.01344
     98/99      7.8G   0.03418  0.009797   0.01364   0.05761         3       640    0.7983    0.5965    0.7631    0.3984   0.06234  0.004254   0.01356
     99/99      7.8G   0.03442  0.009187   0.01393   0.05754         4       640    0.7563    0.5969     0.699    0.3732   0.06122  0.004235   0.01354
