     0/149    0.973G   0.06298   0.01548   0.03199    0.1105         2       640  0.004006   0.08519  0.004559   0.00115   0.06676   0.01017   0.02659
     1/149     6.65G   0.05654   0.01254   0.03223    0.1013         4       640    0.0855    0.2444   0.06443   0.02382   0.05379  0.008218   0.02516
     2/149      8.3G   0.05437   0.01151   0.02992    0.0958         1       640    0.6401    0.3294    0.2415    0.1293   0.06951  0.006341    0.0224
     3/149      8.3G   0.05036   0.01047   0.02749   0.08831         1       640    0.6233   0.08519   0.05734   0.02531   0.05748  0.006897   0.02437
     4/149      8.3G   0.05179  0.009607   0.02684   0.08824         1       640    0.1912    0.4145   0.09249   0.02611   0.06117  0.005903   0.02229
     5/149      8.3G   0.05187  0.009561   0.02836   0.08979         1       640    0.3544    0.1967     0.131   0.04338    0.0699  0.005343   0.02201
     6/149      8.3G   0.04989  0.009467    0.0266   0.08596         1       640    0.3193    0.3407    0.1523   0.05916   0.07058   0.00512   0.02239
     7/149      8.3G    0.0548  0.008891   0.02746   0.09115         3       640         1   0.02222   0.02198  0.006538   0.08049   0.01319   0.05175
     8/149      8.3G   0.05803  0.009266   0.02943   0.09673         1       640 0.0008595    0.2519 0.0003588 0.0001135   0.07707   0.01101   0.02616
     9/149      8.3G   0.05872  0.009192   0.02901   0.09692         4       640  0.003141    0.1407  0.003006 0.0005513   0.07992    0.0065   0.04106
    10/149      8.3G   0.05517  0.009349   0.02819   0.09271         7       640    0.5886   0.08678    0.0927   0.02694   0.07151  0.005446   0.02332
    11/149      8.3G   0.05689  0.008819   0.02798   0.09369         4       640    0.1369   0.06296     0.046   0.01347   0.07548   0.00485    0.0264
    12/149      8.3G   0.05236  0.008496   0.02661   0.08746         0       640  0.002425     0.263  0.001368 0.0004922   0.08293   0.01874    0.1307
    13/149      8.3G   0.05801  0.009249   0.02861   0.09587         1       640  0.001047   0.09259 0.0004423 0.0001182   0.09319     0.297    0.2268
    14/149      8.3G   0.05863  0.008832   0.02593   0.09339         4       640    0.3348   0.02222 0.0009952 0.0001371   0.07722   0.05956     0.208
    15/149      8.3G   0.05342   0.00921   0.02598   0.08862         4       640    0.9244   0.02222   0.01491  0.002876   0.08603  0.005063   0.07122
    16/149      8.3G   0.05575  0.008867   0.02677   0.09138         1       640   0.02405    0.2946   0.04642   0.01658   0.07994  0.005161   0.03298
    17/149      8.3G   0.05088  0.009032    0.0245   0.08441         1       640    0.4898    0.1037   0.03614   0.01355   0.06893  0.007317   0.02291
    18/149      8.3G   0.05274  0.009411   0.02496   0.08711         4       640    0.1496     0.263   0.04235  0.009853   0.06453  0.006376   0.02166
    19/149      8.3G   0.05142  0.009383   0.02441   0.08521         2       640    0.1222    0.1259   0.01013  0.002967    0.0756  0.006074   0.02231
    20/149      8.3G   0.04828  0.008962   0.02311   0.08035         4       640         0         0         0         0     0.092  0.004961   0.06985
    21/149      8.3G   0.05623  0.009087   0.02661   0.09193         1       640 0.0008947   0.02222  0.000347 6.186e-05   0.07717  0.005727     0.056
    22/149      8.3G   0.05249  0.008498   0.02412   0.08511         1       640    0.8635   0.02222   0.02714  0.002765   0.07481  0.006801   0.02693
    23/149      8.3G   0.05063  0.009136   0.02325   0.08301         0       640     0.911   0.02222   0.01026   0.00375   0.06724  0.006219   0.02591
    24/149      8.3G   0.05561  0.009403   0.02566   0.09068         3       640    0.7518   0.04444   0.03653   0.01201   0.07238  0.005741   0.02682
    25/149      8.3G    0.0486  0.009371   0.02323    0.0812         3       640  0.002033    0.2519  0.002284 0.0004541   0.06698  0.005724   0.02124
    26/149      8.3G   0.04419  0.009377   0.02198   0.07554         2       640    0.1163   0.01111  0.002664 0.0004835   0.09392  0.007288    0.1534
    27/149      8.3G   0.05208  0.009676   0.02437   0.08613         5       640 0.0006601    0.1074 0.0001726 3.797e-05    0.1027  0.005869    0.3414
    28/149      8.3G   0.05119  0.009349   0.02331   0.08385         4       640    0.7146   0.06667   0.06436   0.01696   0.06854  0.005812   0.02138
    29/149      8.3G   0.04781  0.009432   0.02242   0.07966         4       640    0.1385    0.1912   0.03869  0.006337   0.06707  0.006198   0.02557
    30/149      8.3G   0.05167  0.009351    0.0241   0.08512         3       640    0.1618    0.1778   0.05044   0.01103   0.06979  0.005731    0.0232
    31/149      8.3G   0.04499  0.009588   0.02045   0.07503         3       640    0.1609    0.1762   0.03375   0.01023   0.06837  0.006134   0.02247
    32/149      8.3G   0.04897   0.00907   0.02289   0.08093         2       640    0.1333    0.1458   0.01904  0.006879   0.06957  0.006665   0.02299
    33/149      8.3G   0.04913  0.009358   0.02298   0.08147         3       640    0.2945    0.1519   0.06323    0.0235   0.06895  0.006037   0.02305
    34/149      8.3G   0.04886  0.009254   0.02295   0.08106         6       640    0.6937     0.163    0.1233   0.04612   0.06554  0.006072   0.02125
    35/149      8.3G   0.05555  0.009626   0.02617   0.09135         4       640     0.427    0.1361    0.0854    0.0232   0.06588  0.006106   0.02116
    36/149      8.3G   0.04578   0.00942   0.02056   0.07575         0       640    0.2544    0.1778   0.06815   0.02868   0.06641  0.005838   0.02112
    37/149      8.3G   0.04763  0.009983   0.02226   0.07988         2       640    0.2839    0.1923    0.1243   0.04808   0.06705  0.005853   0.02106
    38/149      8.3G   0.04467   0.00911   0.02065   0.07442         2       640    0.1905    0.2691    0.1786   0.06237   0.06731  0.005715   0.02081
    39/149      8.3G   0.04538  0.009717   0.02089   0.07599         8       640    0.4315     0.237    0.1722   0.07495   0.06544  0.005871   0.02051
    40/149      8.3G   0.04791  0.009279   0.02163   0.07882         2       640    0.8518   0.08868    0.1259   0.04193   0.06725  0.005777   0.02036
    41/149      8.3G   0.04195  0.009611   0.01868   0.07025         1       640    0.7278    0.1661    0.2064   0.08126   0.06649   0.00576   0.02002
    42/149      8.3G   0.04375  0.009162   0.02005   0.07297         1       640    0.7549    0.1746    0.2204   0.09993   0.06355  0.005726   0.01951
    43/149      8.3G   0.04315  0.009544   0.01878   0.07148         1       640    0.6625    0.2249    0.1785   0.07079   0.06155  0.006096   0.01874
    44/149      8.3G    0.0431  0.009718   0.01979   0.07261         4       640    0.7019    0.2111    0.2188    0.1105   0.05997  0.005936   0.01815
    45/149      8.3G   0.04574  0.009645   0.02061   0.07599         4       640    0.5082    0.2824    0.2712   0.09728   0.06126  0.005752    0.0172
    46/149      8.3G   0.04228  0.009219   0.01816   0.06967         1       640    0.7861     0.204    0.2665    0.0941   0.06129  0.005776   0.01693
    47/149      8.3G   0.03815  0.009263   0.01814   0.06555         1       640    0.8251     0.237     0.334    0.1342   0.06192    0.0055   0.01686
    48/149      8.3G   0.04491  0.009691   0.01935   0.07396         4       640    0.7934    0.2495    0.2711     0.104   0.06041  0.005585   0.01705
    49/149      8.3G   0.04134  0.009249   0.01885   0.06944         3       640    0.7355    0.2102    0.2557   0.08901   0.06067  0.005542   0.01712
    50/149      8.3G   0.04416  0.009478   0.01813   0.07177         3       640    0.7227     0.323    0.4017    0.1432   0.06137  0.006181   0.01768
    51/149      8.3G   0.04021  0.009517    0.0174   0.06713         4       640    0.7148    0.2556    0.3371   0.09848   0.06203  0.005664   0.01752
    52/149      8.3G   0.04104  0.008878   0.01853   0.06844         1       640    0.3631    0.3571    0.3577    0.1327   0.06158  0.005806   0.01732
    53/149      8.3G   0.04188  0.009353   0.01833   0.06957         3       640    0.2275    0.4265    0.3061    0.1299    0.0611   0.00567    0.0172
    54/149      8.3G   0.04332  0.009606   0.01791   0.07083         4       640    0.2624    0.4519    0.3591    0.1335   0.05913  0.006024   0.01739
    55/149      8.3G   0.04211  0.009475   0.01821    0.0698         0       640    0.5228    0.4686    0.4418    0.1862   0.05473  0.005829    0.0169
    56/149      8.3G   0.04288  0.009514   0.01808   0.07048         5       640    0.5938    0.4212    0.4545    0.1813   0.06612  0.005167   0.01606
    57/149      8.3G   0.04166  0.009774   0.01849   0.06992         5       640    0.7521    0.3503    0.4289    0.1779   0.06667  0.004949   0.01528
    58/149      8.3G   0.03896  0.009225   0.01693   0.06512         1       640    0.3712    0.4088    0.3408    0.1157   0.06986  0.004979   0.01461
    59/149      8.3G   0.04442  0.009041   0.01801   0.07147         2       640    0.4012     0.397    0.3768    0.1572   0.06813  0.005009   0.01463
    60/149      8.3G   0.04413  0.009355   0.01851   0.07199         3       640     0.415    0.4495    0.4465     0.169   0.06789  0.005161   0.01406
    61/149      8.3G   0.04367  0.009172    0.0186   0.07144         4       640    0.2423    0.4392    0.3548    0.1337   0.06567   0.00607     0.015
    62/149      8.3G   0.04274  0.009798   0.01806    0.0706         6       640    0.6169    0.2804    0.4192    0.1606   0.06396  0.005671   0.01635
    63/149      8.3G   0.04273  0.009758   0.01882   0.07131         4       640    0.3911    0.5154    0.4454    0.1935   0.06095  0.005748   0.01612
    64/149      8.3G   0.04599  0.009484   0.01804   0.07352         2       640    0.6656    0.4879    0.4971    0.2107   0.06138  0.005426   0.01532
    65/149      8.3G   0.04718  0.009375   0.01891   0.07547         7       640    0.3793    0.5529    0.4997      0.21    0.0618  0.005561   0.01503
    66/149      8.3G   0.04361  0.009049   0.01923   0.07189         2       640    0.4947    0.5084      0.53     0.219   0.06332  0.005223   0.01525
    67/149      8.3G   0.04162   0.00955   0.01835   0.06952         4       640    0.7133    0.3912    0.5278    0.2095   0.06061  0.005589   0.01491
    68/149      8.3G   0.04459  0.009553   0.01837   0.07251         2       640     0.613     0.448    0.5345    0.2181   0.06007   0.00578   0.01524
    69/149      8.3G   0.04173  0.009378   0.01715   0.06826         0       640    0.8717    0.3685    0.5783     0.231   0.05748  0.005692   0.01494
    70/149      8.3G   0.04374  0.009443   0.01643   0.06962         1       640     0.652    0.4762    0.6005    0.2227   0.05839  0.005456   0.01394
    71/149      8.3G   0.04668  0.009379   0.01916   0.07521         4       640    0.5781    0.4949     0.523    0.2349   0.05809   0.00535    0.0149
    72/149      8.3G   0.04324    0.0095   0.01617   0.06891         3       640    0.6723    0.4625    0.5698    0.2658   0.05773  0.005222   0.01464
    73/149      8.3G   0.03952  0.009149   0.01559   0.06427         7       640    0.6298    0.4383    0.5464    0.2604   0.05658  0.004952   0.01419
    74/149      8.3G   0.04157  0.008711   0.01695   0.06723         1       640    0.4482    0.6148    0.5731    0.2947   0.05612  0.004999   0.01394
    75/149      8.3G     0.041  0.009588   0.01571    0.0663         0       640    0.3719    0.6353    0.5006    0.2523   0.06145  0.004887   0.01341
    76/149      8.3G   0.04274  0.009396    0.0167   0.06884         2       640    0.6205    0.5369    0.5807    0.2562   0.06375  0.004831   0.01305
    77/149      8.3G    0.0426  0.009169   0.01753    0.0693         4       640     0.426    0.5192    0.5637    0.2206   0.06668  0.004893   0.01322
    78/149      8.3G   0.04296   0.00893   0.01658   0.06847         1       640    0.5293    0.4703    0.5627    0.2309   0.06691  0.004789   0.01304
    79/149      8.3G   0.03965  0.009538   0.01571    0.0649         6       640    0.3871    0.6401    0.5342    0.2489   0.06492  0.004989   0.01324
    80/149      8.3G   0.04236  0.009052    0.0167   0.06811         1       640     0.663    0.4352    0.5635    0.2804   0.06432  0.004865   0.01352
    81/149      8.3G   0.04214  0.008896   0.01636    0.0674         1       640     0.484    0.5949    0.5738    0.2819   0.06315  0.004853   0.01328
    82/149      8.3G   0.03851  0.008873   0.01446   0.06184         4       640    0.4957    0.5079    0.5267    0.2468   0.06379  0.004877   0.01323
    83/149      8.3G   0.04366  0.009006   0.01612   0.06878         1       640    0.4944    0.6573    0.6274    0.2794   0.06296  0.004902   0.01319
    84/149      8.3G   0.04175  0.008963   0.01585   0.06656         1       640    0.5615    0.5403    0.5942    0.2656   0.06352  0.004929   0.01316
    85/149      8.3G   0.04131  0.009394   0.01638   0.06709         6       640    0.5046    0.6482    0.6462    0.2495   0.06262  0.004865   0.01303
    86/149      8.3G   0.04121  0.009395   0.01499   0.06559         4       640    0.5457    0.6201    0.6261    0.2392   0.06392  0.004934   0.01292
    87/149      8.3G   0.03835  0.008679   0.01488   0.06191         2       640    0.4734    0.6586    0.6001     0.265   0.06333  0.004689   0.01331
    88/149      8.3G   0.04081  0.009249    0.0146   0.06466         4       640    0.6211    0.5374    0.6208    0.2738   0.06251  0.004893   0.01294
    89/149      8.3G   0.03945  0.009426   0.01528   0.06416         2       640    0.4924    0.8021    0.7013    0.3405   0.05934  0.005009   0.01234
    90/149      8.3G   0.03844  0.008879    0.0156   0.06291         2       640    0.4984     0.702    0.6504    0.3509    0.0586  0.004875   0.01261
    91/149      8.3G   0.04023  0.009435   0.01447   0.06414         2       640    0.8467    0.5112    0.6975     0.331   0.06318  0.004633   0.01285
    92/149      8.3G      0.04  0.008612   0.01523   0.06384         1       640    0.8172    0.5278    0.6867    0.3275    0.0631  0.004556   0.01296
    93/149      8.3G   0.03996  0.008986   0.01409   0.06303         8       640    0.8292    0.5301    0.6853    0.3121    0.0629  0.004772   0.01317
    94/149      8.3G   0.04208  0.009472   0.01682   0.06838         1       640    0.6045    0.5892    0.6428    0.3017   0.06288  0.004683   0.01317
    95/149      8.3G   0.04297  0.008826   0.01582   0.06761         2       640    0.4809    0.6259    0.5902    0.3058   0.06038  0.004815   0.01307
    96/149      8.3G     0.041  0.008838   0.01603   0.06587         4       640    0.6859    0.5721    0.6554    0.3184    0.0603  0.004789   0.01344
    97/149      8.3G   0.03987  0.009128   0.01603   0.06503         0       640    0.8219    0.5194    0.6519    0.3242   0.05894  0.004953   0.01316
    98/149      8.3G   0.04048  0.009624   0.01526   0.06537         3       640    0.6014    0.5283     0.614    0.3322   0.06011  0.004923   0.01234
    99/149      8.3G   0.04133  0.008983   0.01634   0.06665         4       640    0.6474    0.6763    0.7412    0.3531   0.06203  0.004617   0.01206
   100/149      8.3G   0.03825   0.00862   0.01459   0.06146         3       640    0.7311    0.6508    0.7284    0.3164   0.06536  0.004396   0.01225
   101/149      8.3G   0.03927  0.009212    0.0142   0.06268         2       640    0.5957    0.7473     0.735    0.3483   0.06415  0.004517   0.01247
   102/149      8.3G   0.04151  0.008609    0.0146   0.06471         1       640    0.7141    0.6301    0.7418    0.3693   0.06524   0.00451   0.01282
   103/149      8.3G    0.0412  0.008986   0.01497   0.06516         1       640    0.5814    0.7556    0.7158    0.3286   0.06474  0.004571   0.01285
   104/149      8.3G   0.04222  0.009015   0.01434   0.06557         1       640    0.7094    0.5898    0.6591    0.2777   0.06399  0.004831   0.01273
   105/149      8.3G   0.03959  0.008703   0.01405   0.06234         1       640    0.6316    0.6797    0.7086    0.3046    0.0623  0.004757   0.01226
   106/149      8.3G   0.04101  0.008952   0.01461   0.06457         1       640    0.7139    0.6575    0.7385    0.3632   0.06447  0.004508   0.01261
   107/149      8.3G   0.04217  0.009211   0.01585   0.06723         2       640    0.5395    0.6148    0.7056    0.3409   0.06386   0.00453   0.01258
   108/149      8.3G   0.03879  0.009246   0.01394   0.06198         6       640    0.6518    0.5902    0.6869    0.3161   0.06386  0.004406   0.01246
   109/149      8.3G    0.0432  0.009142   0.01729   0.06963         8       640    0.7718     0.596    0.7361    0.3554   0.06412  0.004522   0.01276
   110/149      8.3G   0.04116  0.008956   0.01398   0.06409         6       640    0.7431     0.517    0.6593    0.3259   0.05919  0.005001   0.01339
   111/149      8.3G   0.03828  0.009117   0.01438   0.06177         1       640    0.5726    0.5565    0.6344    0.3031   0.05852  0.004939   0.01331
   112/149      8.3G   0.04015  0.008906   0.01409   0.06314         1       640    0.5512    0.6343    0.6536     0.343   0.06034  0.004806   0.01336
   113/149      8.3G   0.04123  0.009089   0.01485   0.06517         4       640    0.5781    0.6699    0.6822    0.3465   0.05955   0.00491   0.01301
   114/149      8.3G   0.03977  0.009106   0.01347   0.06235         1       640    0.5616    0.6466    0.6784    0.3293   0.05992  0.004876   0.01276
   115/149      8.3G   0.03919  0.009655    0.0143   0.06314         2       640    0.6597    0.6299    0.7073    0.3753   0.05971  0.004739   0.01294
   116/149      8.3G   0.04182  0.009171   0.01538   0.06637         2       640     0.811    0.5712    0.7051    0.3823   0.05991  0.004721   0.01268
   117/149      8.3G   0.04084  0.008786   0.01609   0.06571         4       640    0.7996     0.581     0.714     0.378   0.05955  0.004946   0.01262
   118/149      8.3G   0.04042  0.009206   0.01378   0.06341         2       640    0.7314    0.6179    0.6799    0.3625   0.05852  0.005095   0.01238
   119/149      8.3G   0.03536  0.008705   0.01315   0.05722         2       640     0.795    0.6196     0.725    0.3826   0.05779  0.004954   0.01251
   120/149      8.3G      0.04  0.008851   0.01329   0.06215         2       640    0.7512    0.6103    0.7375    0.3784   0.05742  0.004996   0.01293
   121/149      8.3G   0.03985  0.009306   0.01445   0.06361         4       640    0.7522      0.57    0.6776    0.3161   0.05665  0.005201   0.01321
   122/149      8.3G   0.03843  0.009007   0.01403   0.06147         3       640     0.656    0.5806    0.6726     0.305   0.05703  0.005013   0.01283
   123/149      8.3G   0.03946  0.008648    0.0145   0.06261         5       640    0.5351    0.6898    0.7139    0.3247   0.05757  0.004889   0.01269
   124/149      8.3G    0.0392  0.008793   0.01387   0.06187         1       640    0.6465    0.6611    0.7043    0.3419   0.05711  0.005048   0.01293
   125/149      8.3G   0.03942  0.009598   0.01428    0.0633         3       640    0.5807    0.6949    0.6997    0.3546   0.05588  0.005061   0.01315
   126/149      8.3G   0.03857  0.008993   0.01292   0.06048         3       640     0.698    0.5696    0.7049    0.3417   0.05575  0.005007   0.01297
   127/149      8.3G   0.03948  0.009082   0.01427   0.06283         8       640    0.7141     0.584    0.7297    0.3774   0.05495  0.004968   0.01289
   128/149      8.3G   0.03703  0.008967   0.01292   0.05892         4       640    0.8405     0.592     0.741    0.3696    0.0545  0.004964   0.01301
   129/149      8.3G   0.03639  0.008883   0.01277   0.05804         2       640    0.7589    0.6219    0.7344    0.3951   0.05476  0.004984    0.0129
   130/149      8.3G    0.0372  0.008736   0.01287    0.0588         2       640    0.6829    0.7094    0.7386     0.408   0.05533  0.004873   0.01303
   131/149      8.3G   0.03725  0.008791   0.01445   0.06049         1       640    0.6133    0.7376    0.6974    0.3883   0.05551  0.004788   0.01312
   132/149      8.3G   0.04378  0.009144   0.01596   0.06888         5       640    0.7306    0.6237    0.7289    0.3792   0.05597   0.00469   0.01307
   133/149      8.3G   0.03622  0.008944   0.01338   0.05855         5       640    0.7963    0.5318    0.7241    0.3734   0.05664  0.004811    0.0131
   134/149      8.3G    0.0398  0.008742   0.01539   0.06393         1       640    0.7433    0.5832    0.7149    0.3729    0.0557  0.004858   0.01266
   135/149      8.3G   0.03802  0.008777   0.01389   0.06068         0       640     0.593    0.7383    0.7031    0.3867   0.05608  0.004829   0.01218
   136/149      8.3G   0.03942  0.008831   0.01375     0.062         5       640    0.5579    0.8014    0.7128    0.3968   0.05653  0.005016   0.01227
   137/149      8.3G   0.03968  0.009224   0.01451   0.06342         6       640    0.7134    0.6647    0.7343    0.3995   0.05682  0.004989   0.01237
   138/149      8.3G   0.03617  0.008997   0.01472   0.05989         1       640    0.7167    0.7394    0.8062    0.4406   0.05818  0.004715   0.01247
   139/149      8.3G   0.03678  0.008997   0.01306   0.05884         4       640    0.7593    0.6622    0.7603    0.4166   0.05868  0.004519   0.01203
   140/149      8.3G   0.03843  0.008672   0.01335   0.06045         1       640    0.7537    0.6338    0.7272    0.3909   0.05902  0.004503   0.01177
   141/149      8.3G   0.03672  0.009017    0.0128   0.05854         2       640    0.7781    0.5781      0.71    0.3864   0.05978  0.004593   0.01191
   142/149      8.3G   0.03797  0.008414    0.0132   0.05959         4       640    0.8266    0.5824    0.7179    0.3943   0.06005  0.004652   0.01192
   143/149      8.3G   0.04042  0.009025   0.01437   0.06382         4       640    0.6224    0.7457    0.7489    0.3937   0.05995  0.004614   0.01169
   144/149      8.3G   0.03643  0.008672   0.01272   0.05783         5       640    0.7535    0.6829    0.7779    0.4042   0.06016  0.004654   0.01175
   145/149      8.3G   0.03883  0.009179    0.0144    0.0624         4       640    0.7003    0.6646    0.7499    0.3945   0.05993  0.004718   0.01166
   146/149      8.3G    0.0388  0.008572   0.01373   0.06111         4       640    0.6062    0.7806    0.7459    0.4053   0.05939  0.004545    0.0117
   147/149      8.3G   0.03698  0.008912    0.0141   0.05999         5       640    0.6324    0.7492    0.7263      0.38   0.05924  0.004576   0.01179
   148/149      8.3G   0.03763   0.00888   0.01234   0.05885         4       640    0.6629    0.7128    0.7726    0.4167    0.0583  0.004625   0.01217
   149/149      8.3G   0.03453  0.008423   0.01208   0.05503         1       640    0.7726    0.6638     0.785    0.4062   0.05832  0.004606   0.01218
